#Preset | Level | Entity | Quantity | POS.X POS.Y |

1 	 Cuba 	  Island	7 	473 158 613 344 959  232 1337 139  1525 274 1814 365 2040 173
1 	 Cuba 	  Coral 	7	388 440 748 306 1070 467 1266 345 1751 246 2175 477 2336 332
2 	 Cuba 	  Island	7	516 232 881 134 954  360 1306 277 1550 158 1814 365 2176 198
2 	 Cuba 	  Coral 	7	456 254 730 397 1097 280 1400 254 1592 425 1885 280 2289 456
3 	 Cuba 	  Island	7	504 344 744 158 909  368 1285 232 1496 370 1822 248 2258 348
3 	 Cuba 	  Coral 	7	440 280 766 395 1062 254 1310 336 1628 254 2033 470 2098 280

1	 Bermuda  Squid		7	565 234 821 411 1156 228 1473 432 1585 285 2063 393 2130 210
2	 Bermuda  Squid		7	448 210 868 256 1156 178 1324 428 1770 350 1801 185 2146 346
3	 Bermuda  Squid		7	460 405 713 210 1002 365 1400 328 1756 223 1898 435 2183 306

1	 USA  Dune		7	634 238 837 280 1138 220 1479 409 1638 282 2101 216 2146 378	
2	 USA  Dune		7	546 397 798 247 1014 432 1268 312 1647 411 1666 221 2214 315
3	 USA  Dune		7	634 238 886 333 1152 442 1259 238 1654 339 1975 446 2154 256




	






